( "HM148x100"   20.7      26.35      148     6        100    9       8      995.3   150.3   134.5   30.1    6.15    2.39)
( "HM194x150"   29.9      38.11      194     6        150    9       8      2586    506.6   266.6   67.5    8.24    3.65)
( "HM244x175"   43.6      55.49      244     7        175    11      13     5908    983.5   484.3   112.4   10.32   4.21)
( "HM294x200"   55.8      71.05      294     8        200    12      13     10858   1602    738.6   160.2   12.36   4.75)
( "HM340x250"   78.1      99.53      340     9        250    14      13     20867   3648    1227    292     14.48   6.05)
( "HM390x300"   104.6     133.25     390     10       300    16      13     37363   7203    1916    480     16.75   7.35)
( "HM440x300"   120.8     153.89     440     11       300    18      13     37363   7203    1698    480     15.58   6.84)
( "HM482x300"   110.8     141.17     482     11       300    15      13     57212   6756    2374    450     20.13   6.92)
( "HM488x300"   124.9     159.17     488     11       300    18      13     67916   8106    2783    540     20.66   7.14)
( "HM544x300"   116.2     147.99     544     11       300    15      13     74874   6756    2753    450     22.49   6.76)
( "HM550x300"   130.3     165.99     550     11       300    18      13     88470   8106    3217    540     23.09   6.99)
( "HM582x300"   132.8     169.21     582     12       300    17      13     97287   7659    3343    511     23.98   6.73)
( "HM588x300"   147.0     187.21     588     12       300    20      13     112827  9009    3838    601     24.55   6.94)
( "HM594x302"   170.4     217.09     594     14       302    23      13     132179  10572   4450    700     24.68   6.98)